Final_Project/temp.dem.grd
ncols 257
nrows 257
xllcorner 0
yllcorner 0
cellsize 10
[rows 29 to 57 of 257, columns 0 to 64 of 257]
-1 -0.770718 -2.5898 -2.03222 -6.89645 -6.56386 -3.88919 -4.01495 -3.8049 2.71078 7.27252 13.8402 18.5958 18.2889 20.6448 23.2713 25.8606 20.1841 20.7065 19.7266 17.147 21.507 22.8739 22.2358 22.634 26.7062 30.2725 34.2228 39.1583 37.8315 35.3751 35.663 35.2691 29.7015 24.0667 18.9697 11.4222 7.80732 2.3837 0.952484 -5.88782 -8.29993 -9.80806 -9.16669 -10.254 -11.3139 -13.0235 -15.5496 -15.3304 -13.4793 -17.9284 -19.3136 -18.8739 -18.2214 -18.0732 -19.939 -23.0016 -28.9115 -33.1929 -38.6594 -40.7083 -39.1594 -39.303 -40.8307 -42.5691
-1 -0.207429 0.585143 -1.33914 -3.26342 -0.869794 1.52383 0.994497 0.465163 4.49257 8.51999 12.7932 17.0665 17.1108 17.1551 20.3662 23.5772 21.7446 19.9119 19.6738 19.4357 23.7506 28.0654 26.4133 24.7613 27.3086 29.8559 33.6505 37.445 35.3751 33.3051 34.9125 36.5198 32.3717 28.2236 22.6333 17.0431 12.8799 8.7167 5.3205 1.92429 -1.43525 -4.79479 -4.68003 -4.56527 -6.53736 -8.50945 -10.0189 -11.5283 -13.8398 -16.1514 -16.8104 -17.4694 -16.1875 -14.9056 -19.3528 -23.8 -28.9837 -34.1675 -36.6753 -39.1832 -38.0523 -36.9214 -40.462 -44.0025
-1 1.14768 1.04323 0.993293 0.36961 -0.00625753 4.0139 3.42903 4.73522 5.97659 10.0133 12.2388 15.5372 16.9171 16.8322 18.0358 21.2939 19.7281 20.7119 19.7802 21.7245 24.4438 27.29 25.5868 26.8886 30.2998 30.6865 30.9082 35.7318 34.31 34.9125 35.2733 37.7705 34.5872 30.9383 24.7821 22.6639 17.4122 15.8167 12.8053 9.7364 9.63421 3.69279 1.6574 1.12347 -2.79672 -3.5327 -5.47203 -7.72619 -9.34792 -12.7218 -13.9601 -16.0649 -18.4074 -17.4671 -20.0195 -24.5983 -28.8357 -32.4662 -34.6484 -37.6581 -38.3856 -39.2113 -41.1674 -45.4359
-1 0.25066 1.50132 2.75198 4.00264 5.2533 6.50396 7.75462 9.00528 10.2559 11.5066 12.7573 14.0079 15.2586 16.5092 17.7599 19.0106 20.2612 21.5119 22.7625 24.0132 25.2639 26.5145 27.7652 29.0158 30.2665 31.5172 32.7678 34.0185 35.2691 36.5198 37.7705 39.0211 36.3371 33.653 30.9689 28.2848 25.6007 22.9167 20.2326 17.5485 14.8644 12.1804 9.49628 6.81221 4.12813 1.44405 -1.24002 -3.9241 -6.60818 -9.29225 -11.9763 -14.6604 -17.3445 -20.0286 -22.7126 -25.3967 -28.0808 -30.7649 -33.4489 -36.133 -38.8171 -41.5012 -44.1852 -46.8693
-1 -0.120937 -0.913771 -0.343413 1.59092 0.117169 2.14143 2.19723 4.63003 6.56324 5.29364 6.70452 9.05492 13.1579 12.5161 12.7131 14.7919 16.8541 15.9752 17.9841 20.0886 23.8368 25.2514 28.0497 27.9351 27.6926 30.7878 28.4081 32.5805 33.8318 34.5927 35.879 36.3371 33.2046 32.3445 29.4 27.4631 22.9225 18.6307 15.4972 16.344 11.1125 7.4326 5.69988 2.75917 -0.547485 -2.8115 -6.59194 -7.59934 -12.2065 -18.8421 -19.2121 -21.7354 -24.1202 -25.2084 -27.7836 -28.1371 -26.0214 -28.8701 -30.8199 -36.4151 -38.2809 -41.3689 -43.9559 -48.3027
-1 -2.16443 -3.32886 -2.07483 -0.820791 -1.52094 -2.22109 -0.983158 0.254779 -0.332274 -0.919327 1.5913 4.10193 6.31248 8.52303 9.54818 10.5733 10.5059 10.4385 13.3012 16.1639 20.0761 23.9883 25.4213 26.8544 28.4564 30.0585 30.6005 31.1424 31.904 32.6656 33.1593 33.653 32.3445 31.036 28.8386 26.6413 20.493 14.3447 14.7421 15.1394 8.91214 2.68484 0.695489 -1.29386 -4.18046 -7.06705 -9.17082 -11.2746 -19.8333 -28.392 -28.6012 -28.8105 -29.5994 -30.3883 -30.6329 -30.8775 -28.9264 -26.9752 -31.8362 -36.6972 -38.9669 -41.2366 -45.4864 -49.7362
-1 -1.07566 -3.32549 -2.31202 -3.23251 -2.01113 -4.64553 -4.32801 -4.12047 -6.03614 -4.03461 0.385251 -0.851071 -0.0473158 3.34452 4.09702 6.35472 9.72231 7.83195 8.72795 12.2393 17.827 20.246 24.2982 25.7736 26.9122 28.2691 28.3633 29.7044 29.7335 30.4706 31.4595 30.9689 30.6445 28.8386 29.3485 25.8195 23.3784 16.6044 14.8899 13.9349 8.82085 2.17503 -0.205573 -5.3469 -7.36663 -10.5398 -11.1739 -14.9498 -23.5998 -29.5924 -33.184 -35.8855 -33.0448 -35.0239 -32.0835 -33.6179 -33.7983 -31.8925 -33.9938 -36.9792 -37.7266 -43.0844 -46.4183 -51.1696
-1 -2.16106 -3.32211 -4.48317 -5.64422 -6.3571 -7.06997 -7.78285 -8.49572 -7.82281 -7.1499 -6.47698 -5.80407 -3.81902 -1.83398 0.151062 2.13611 3.68074 5.22538 6.77002 8.31465 12.4092 16.5038 20.5983 24.6929 25.5863 26.4796 27.373 28.2664 28.271 28.2756 28.2802 28.2848 27.4631 26.6413 25.8195 24.9978 21.9309 18.8641 15.7972 12.7304 7.1978 1.66522 -3.86736 -9.39994 -11.7062 -14.0125 -16.3188 -18.6251 -24.7089 -30.7928 -36.8767 -42.9605 -41.31 -39.6594 -38.0088 -36.3582 -36.584 -36.8098 -37.0355 -37.2613 -41.0967 -44.9321 -48.7676 -52.603
-1 -3.28724 -5.18197 -7.78431 -7.60776 -12.6964 -15.0342 -13.1925 -12.871 -11.7285 -11.5171 -9.0569 -9.44494 -7.4116 -6.00674 -2.40433 -2.08251 -0.416994 1.46388 5.28775 6.93994 11.2893 13.976 19.0157 23.6122 25.8917 27.3488 26.8117 25.9396 26.2141 27.0508 25.1877 25.6007 26.5715 21.2041 21.9236 21.9309 20.2234 18.9673 17.6524 11.5258 3.79787 0.59966 -4.58218 -10.2267 -15.3357 -17.8483 -21.3272 -22.3003 -29.9066 -29.7252 -36.0733 -42.3011 -41.3887 -42.3405 -43.1421 -39.0986 -38.9259 -38.6447 -39.0007 -41.153 -45.7191 -48.5695 -53.3239 -54.0364
-1 -4.02092 -7.04183 -8.30656 -9.57129 -16.2849 -22.9985 -20.1224 -17.2462 -16.5653 -15.8844 -14.4851 -13.0858 -11.6326 -10.1795 -8.24031 -6.30112 -4.29937 -2.29762 1.6338 5.56522 8.50674 11.4483 16.9898 22.5314 25.3747 28.218 25.9154 23.6128 24.7194 25.826 24.3713 22.9167 19.3418 15.7669 17.3155 18.8641 18.9673 19.0706 14.6959 10.3213 4.9277 -0.4659 -5.75966 -11.0534 -16.3688 -21.6842 -23.8299 -25.9756 -27.3166 -28.6576 -35.1496 -41.6417 -43.3317 -45.0217 -43.4304 -41.839 -41.1593 -40.4796 -42.7622 -45.0448 -48.6258 -52.2069 -53.8383 -55.4698
-1 -6.24281 -7.14551 -7.17672 -11.5348 -17.0416 -21.373 -22.1182 -21.6215 -21.1536 -19.5333 -19.8023 -16.7267 -12.9509 -13.8662 -14.257 -10.5197 -7.67538 -4.12945 -0.7089 4.19051 6.93027 11.5206 14.9466 21.4507 22.16 23.9413 20.2253 21.286 21.4521 22.0399 20.2775 20.2326 17.2853 15.4532 16.9098 15.7972 14.4582 14.6959 11.1356 9.11678 3.2425 -1.43162 -3.94732 -11.8802 -17.9416 -22.3503 -27.516 -29.6508 -31.21 -32.741 -35.859 -40.9823 -43.6268 -44.4215 -41.6047 -44.5794 -46.1484 -45.2768 -47.332 -48.9365 -51.7207 -53.8947 -55.0815 -56.9032
-1 -4.12459 -7.24918 -10.3738 -13.4984 -16.623 -19.7475 -22.8721 -25.9967 -24.5894 -23.1821 -21.7748 -20.3675 -18.9602 -17.5529 -16.1456 -14.7384 -10.3498 -5.96128 -1.57274 2.81579 7.20433 11.5929 15.9814 20.3699 20.0173 19.6646 19.3119 18.9592 18.6065 18.2539 17.9012 17.5485 16.344 15.1394 13.9349 12.7304 11.5258 10.3213 9.11678 7.91224 2.75745 -2.39733 -7.55212 -12.7069 -17.8617 -23.0165 -28.1713 -33.3261 -35.0753 -36.8245 -38.5737 -40.3229 -42.0721 -43.8214 -45.5706 -47.3198 -48.6969 -50.074 -51.4511 -52.8282 -54.2053 -55.5824 -56.9595 -58.3367
-1 -4.27111 -7.25479 -11.1502 -14.3841 -16.3405 -18.6119 -22.0328 -25.8401 -24.4488 -21.9914 -20.7891 -20.9982 -20.1046 -18.5085 -18.067 -18.957 -15.826 -9.89362 -7.96838 -1.1552 2.65612 4.62018 9.71463 14.548 12.8136 11.4251 13.2443 15.6892 17.2412 14.5442 14.2879 14.8644 12.7755 10.1231 7.91696 7.90681 6.2265 5.37648 2.66959 2.75745 -3.68638 -9.27386 -13.4786 -16.8602 -23.6047 -25.5822 -30.8244 -37.0013 -37.0366 -38.0685 -42.011 -42.4879 -43.7522 -44.7245 -47.9176 -49.6881 -52.1685 -52.253 -53.7849 -55.1983 -58.3722 -56.1027 -60.3966 -59.7701
-1 -4.1302 -7.26041 -11.2651 -15.2698 -16.373 -17.4763 -21.5799 -25.6835 -23.2421 -20.8007 -21.2148 -21.6288 -20.5465 -19.4641 -21.3198 -23.1756 -18.5008 -13.826 -9.47607 -5.12619 -3.73935 -2.35251 3.18676 8.72603 5.95583 3.18562 7.80241 12.4192 11.6268 10.8345 11.5074 12.1804 8.6436 5.10683 4.09504 3.08325 1.75745 0.431656 -0.982839 -2.39733 -9.27386 -16.1504 -18.5819 -21.0135 -24.5807 -28.1478 -34.4122 -40.6765 -39.9945 -39.3125 -41.9827 -44.6529 -45.1403 -45.6277 -48.842 -52.0563 -53.2441 -54.4319 -56.0001 -57.5683 -57.0957 -56.623 -58.9132 -61.2035
-1 -3.27944 -8.14051 -13.7362 -16.1555 -19.1117 -19.341 -24.2952 -25.5268 -24.2987 -22.4654 -23.7472 -22.2595 -24.3351 -23.3578 -26.3235 -27.3942 -22.5904 -18.0832 -13.9331 -9.09718 -5.92104 -5.17277 -2.00161 2.90408 5.3574 2.33314 7.35602 9.1492 7.20368 8.59008 7.35152 9.49628 5.98179 2.6155 0.932993 -1.74031 -0.826058 -4.60187 -7.24181 -7.55212 -14.392 -18.5819 -22.5606 -25.1668 -28.6265 -33.4107 -40.8811 -44.3518 -46.0422 -43.9087 -46.1673 -46.8179 -48.9276 -49.2578 -52.4234 -54.4246 -57.1035 -56.9913 -59.5998 -59.9384 -60.7172 -59.9062 -62.5494 -62.6369
-1 -5.01031 -9.02062 -13.0309 -17.0412 -19.1235 -21.2057 -23.2879 -25.3702 -24.7502 -24.1302 -23.5102 -22.8902 -25.0708 -27.2515 -29.4321 -31.6128 -26.9766 -22.3405 -17.7043 -13.0682 -10.5306 -7.99302 -5.45545 -2.91787 -0.718607 1.48066 3.67993 5.87919 6.11245 6.3457 6.57895 6.81221 3.46819 0.124165 -3.21986 -6.56388 -8.09964 -9.63539 -11.1712 -12.7069 -16.8602 -21.0135 -25.1668 -29.3201 -33.9968 -38.6736 -43.3503 -48.027 -48.266 -48.5049 -48.7439 -48.9828 -50.9354 -52.8879 -54.8404 -56.7929 -58.1718 -59.5507 -60.9296 -62.3084 -62.7489 -63.1894 -63.6298 -64.0703
-1 -2.5967 -6.64995 -10.1879 -15.9989 -19.873 -22.105 -23.0961 -25.2135 -23.3392 -23.5453 -24.6139 -26.3215 -30.1105 -32.9384 -35.1106 -35.8314 -28.731 -24.2158 -22.2437 -19.1377 -17.358 -15.3357 -9.13232 -8.73983 -7.3815 -4.03283 -1.16017 0.643171 2.70251 3.22955 2.87978 4.12813 1.28945 -0.937918 -2.87306 -9.57918 -13.4325 -12.9036 -16.2726 -17.8617 -23.527 -27.702 -30.4403 -33.9968 -38.1145 -44.652 -49.3199 -51.7023 -55.1393 -54.5776 -54.8185 -52.8614 -54.9301 -58.9954 -58.4317 -59.1612 -62.2491 -62.5785 -62.2215 -63.7401 -65.308 -64.5084 -63.721 -65.5037
-1 -2.63964 -4.27928 -9.6179 -14.9565 -18.9804 -23.0044 -24.0306 -25.0569 -24.0087 -22.9604 -26.3566 -29.7528 -34.1891 -38.6253 -39.3377 -40.05 -33.0705 -26.091 -25.6492 -25.2073 -23.9428 -22.6783 -18.62 -14.5618 -12.054 -9.54632 -7.06958 -4.59285 -2.23973 0.113399 0.778727 1.44405 -0.277973 -2 -7.29724 -12.5945 -14.3831 -16.1717 -19.5941 -23.0165 -28.7035 -34.3905 -36.532 -38.6736 -44.652 -50.6305 -53.004 -55.3775 -58.0139 -60.6503 -58.6951 -56.7399 -60.9214 -65.1028 -63.3161 -61.5294 -63.5679 -65.6064 -65.389 -65.1717 -65.4996 -65.8274 -66.3823 -66.9371
-1 -2.16732 -5.60759 -11.8379 -13.9142 -19.8833 -20.906 -22.2524 -24.9003 -28.0401 -26.82 -31.0117 -33.1841 -37.2209 -40.5883 -43.5018 -44.2687 -39.1121 -34.504 -33.7056 -31.2769 -29.1192 -27.2272 -24.2258 -20.3837 -17.6318 -15.0908 -12.571 -9.82887 -7.97547 -4.69055 -4.29404 -1.24002 -0.446112 -6.63729 -11.7789 -15.6098 -16.7244 -21.0736 -22.2193 -28.1713 -32.6752 -37.5335 -41.3847 -43.3503 -48.1849 -53.004 -55.6809 -59.0528 -59.149 -62.1314 -60.624 -60.6185 -62.2392 -65.2422 -64.7032 -63.8977 -64.6955 -66.3784 -66.7044 -66.6033 -68.9614 -67.3734 -65.4587 -68.3706
-1 -3.96795 -6.93591 -9.90386 -12.8718 -15.8398 -18.8077 -21.7757 -24.7436 -27.7116 -30.6795 -33.6475 -36.6154 -39.5834 -42.5514 -45.5193 -48.4873 -45.7021 -42.9169 -40.1317 -37.3465 -34.5613 -31.7761 -28.9909 -26.2057 -23.4205 -20.6353 -17.8501 -15.0649 -12.2797 -9.4945 -6.7093 -3.9241 -7.59934 -11.2746 -14.9498 -18.6251 -22.3003 -25.9756 -29.6508 -33.3261 -37.0013 -40.6765 -44.3518 -48.027 -51.7023 -55.3775 -59.0528 -62.728 -63.1703 -63.6125 -64.0548 -64.497 -64.9393 -65.3815 -65.8237 -66.266 -66.7083 -67.1505 -67.5927 -68.035 -68.4772 -68.9195 -69.3617 -69.804
-1 -3.19736 -3.96547 -8.3846 -13.3107 -14.3429 -16.6372 -19.5651 -21.9914 -25.7871 -31.4239 -33.1845 -32.8779 -35.6718 -38.6743 -40.4728 -46.9527 -43.1141 -40.2506 -36.1379 -30.8088 -27.501 -25.6574 -27.296 -21.6047 -18.0177 -15.6144 -13.7997 -12.6662 -12.8088 -14.1352 -11.1284 -6.60818 -9.40768 -14.6758 -16.206 -17.2819 -20.0006 -24.0161 -33.0599 -35.2525 -40.0241 -42.0992 -46.9902 -50.0055 -55.3122 -59.2541 -61.8615 -63.1703 -66.1807 -69.8556 -69.4282 -68.4307 -67.2673 -67.3312 -68.3065 -69.7324 -68.4726 -66.9197 -66.3278 -68.1506 -71.5978 -74.1284 -74.7052 -71.2374
-1 -0.997519 -0.995039 -7.37228 -13.7495 -14.1081 -14.4667 -16.8529 -19.2392 -25.7037 -32.1683 -30.6543 -29.1403 -31.9688 -34.7973 -40.1077 -45.4182 -41.5013 -37.5844 -30.9277 -24.2711 -21.905 -19.5388 -18.2713 -17.0037 -13.7986 -10.5935 -10.4305 -10.2676 -14.5217 -18.7759 -14.0341 -9.29225 -13.6846 -18.0769 -17.0078 -15.9388 -18.9977 -22.0566 -29.6178 -37.1789 -40.3504 -43.5218 -47.7529 -51.9839 -57.5573 -63.1307 -63.3716 -63.6125 -69.8556 -76.0987 -74.2316 -72.3645 -70.8227 -69.2809 -71.2399 -73.1989 -69.9438 -66.6888 -67.4776 -68.2663 -73.8018 -79.3374 -76.0041 -72.6708
-1 -1.98605 -4.40433 -8.96858 -14.1884 -14.3197 -14.3238 -13.4868 -16.4869 -19.5253 -24.9341 -25.507 -25.4028 -30.674 -33.4022 -37.117 -43.8837 -36.4027 -32.1784 -25.9799 -17.7335 -14.3682 -14.5188 -14.1445 -12.4027 -11.6642 -8.61475 -8.07966 -7.86889 -12.0195 -14.4206 -12.4801 -11.9763 -14.1221 -16.0167 -17.2417 -14.5956 -18.9338 -24.5994 -31.8619 -39.1054 -41.491 -46.0041 -49.6939 -53.9624 -60.5351 -61.6748 -65.4229 -64.0548 -70.1301 -74.2316 -73.2895 -76.2982 -74.9124 -74.7314 -74.4523 -76.6653 -72.3157 -70.5017 -70.7481 -68.382 -70.259 -75.6775 -73.73 -74.1042
-1 -4.40681 -7.81361 -11.2204 -14.6272 -14.4041 -14.181 -13.9578 -13.7347 -15.7173 -17.7 -19.6826 -21.6652 -26.8362 -32.0072 -37.1781 -42.3491 -34.5608 -26.7724 -18.9841 -11.1958 -10.3473 -9.49876 -8.65025 -7.80174 -7.21886 -6.63598 -6.0531 -5.47022 -7.76776 -10.0653 -12.3629 -14.6604 -14.3084 -13.9564 -13.6044 -13.2525 -20.1973 -27.1421 -34.087 -41.0318 -44.7591 -48.4863 -52.2136 -55.9408 -58.0799 -60.2189 -62.358 -64.497 -68.4307 -72.3645 -76.2982 -80.2319 -80.2069 -80.1818 -80.1568 -80.1317 -77.2232 -74.3147 -71.4061 -68.4976 -70.2576 -72.0176 -73.7776 -75.5377
-1 -1.82657 -2.49468 -7.08497 -11.4361 -10.2793 -10.8951 -10.5957 -10.9824 -10.8568 -12.9855 -18.9289 -21.116 -27.501 -33.7952 -35.4719 -40.8146 -34.6688 -24.0402 -18.1065 -11.5979 -7.89405 -4.81309 -4.49744 -3.20076 -6.78506 -5.96173 -5.90931 -5.95198 -7.75088 -11.0903 -14.5321 -17.3445 -18.2335 -17.646 -18.4167 -19.2061 -25.9699 -32.0347 -36.0133 -42.9583 -45.1897 -46.6103 -49.4635 -56.3311 -57.9806 -59.2884 -62.7055 -64.9393 -68.8005 -74.2901 -78.9746 -80.2069 -83.9204 -84.9393 -83.5376 -83.5981 -79.1634 -75.9675 -74.3079 -73.2818 -76.2699 -78.0451 -76.3051 -76.9711
-1 0.912126 2.82425 -2.71039 -8.24504 -7.92717 -7.60931 -7.91975 -8.2302 -8.25058 -8.27097 -14.4189 -20.5668 -28.075 -35.5833 -37.4316 -39.28 -30.294 -21.3079 -16.654 -12.0001 -6.06375 -0.127419 0.636404 1.40023 -1.94362 -5.28747 -5.8606 -6.43374 -9.27452 -12.1153 -16.0719 -20.0286 -20.6821 -21.3356 -23.2477 -25.1598 -31.0435 -36.9273 -40.906 -44.8847 -44.8095 -44.7342 -50.7278 -56.7213 -57.5396 -58.3578 -61.8697 -65.3815 -70.7986 -76.2158 -78.1988 -80.1818 -84.9393 -89.6967 -88.3806 -87.0646 -82.3425 -77.6204 -77.8432 -78.066 -81.0693 -84.0726 -81.2385 -78.4045
-1 -0.311133 0.696411 -3.65269 -5.05395 -6.78194 -4.9518 -5.83603 -5.47796 -8.03095 -9.684 -17.9827 -20.0176 -26.6998 -31.7115 -34.5822 -37.7455 -29.0687 -22.9078 -17.9708 -12.4022 -8.82958 -0.614256 1.50583 6.00121 0.671785 -1.8425 -4.94475 -6.9155 -9.53436 -14.2561 -19.951 -22.7126 -25.5533 -26.2838 -28.4397 -31.1135 -33.9312 -39.9148 -43.0273 -46.8111 -46.5753 -48.9269 -53.555 -57.1116 -59.8346 -60.1209 -64.5481 -65.8237 -71.9987 -74.7073 -76.2637 -80.1568 -84.299 -88.3806 -90.3708 -90.531 -86.8711 -84.2181 -81.7689 -82.8502 -80.6003 -84.2627 -80.6116 -79.8379
-1 -1.21572 -1.43143 -1.64715 -1.86286 -2.07858 -2.29429 -2.51001 -2.72572 -6.91138 -11.097 -15.2827 -19.4683 -23.654 -27.8397 -32.0253 -36.211 -30.3593 -24.5077 -18.656 -12.8044 -6.95274 -1.10109 4.75055 10.6022 6.10233 1.60247 -2.89739 -7.39726 -11.8971 -16.397 -20.8968 -25.3967 -28.3143 -31.2319 -34.1495 -37.0671 -39.9848 -42.9024 -45.82 -48.7376 -50.9286 -53.1197 -55.3107 -57.5018 -59.6928 -61.8839 -64.075 -66.266 -69.7324 -73.1989 -76.6653 -80.1317 -83.5981 -87.0646 -90.531 -93.9974 -92.4067 -90.8159 -89.2251 -87.6344 -86.0436 -84.4529 -82.8621 -81.2713
-1 -0.774024 -3.90509 -5.46113 -6.11233 -5.36081 -8.50126 -6.22262 -3.94342 -11.0838 -14.7454 -19.5705 -22.0436 -22.8945 -26.0611 -29.1366 -34.6764 -30.1387 -27.2697 -22.0203 -16.385 -9.09447 -2.43702 1.00836 4.85167 1.25887 -3.98621 -10.5485 -14.3854 -19.3214 -24.1999 -25.5567 -28.0808 -33.2296 -34.3439 -35.4315 -38.2937 -41.1613 -44.6429 -46.2961 -49.9375 -53.5143 -55.0883 -54.5525 -55.2017 -56.5711 -60.125 -65.9054 -66.7083 -68.0151 -72.1465 -73.742 -77.086 -80.3418 -83.7561 -89.6674 -92.4067 -91.1028 -89.5565 -86.4253 -86.9308 -84.7662 -85.4761 -83.696 -82.7047
