Final_Project/temp.dem.grd
ncols 257
nrows 257
xllcorner 0
yllcorner 0
cellsize 10
[rows 116 to 144 of 257, columns 130 to 194 of 257]
0 0 0 0 0 0 0 0 0 0 0 0 0 0 0 0 -0.802047 -1.20307 -1.60409 -0.802047 0 0 0 0 0 1.84829 3.69658 2.75681 1.81704 0.87727 -0.0625 2.5174 5.0973 7.6772 10.2571 5.32204 0.386978 -4.54808 -9.48314 -10.0716 -10.6602 -11.2487 -11.8372 -12.639 -13.4408 -14.2427 -15.0445 -13.8961 -12.7477 -11.5993 -10.4509 -9.93476 -9.41861 -8.90246 -8.38632 -5.01991 -1.65351 1.71289 5.07929 9.06229 13.0453 17.0283 21.0113 28.9514 36.8915
0 0 0 0 0 0 0 0 0 0 0 0 0 0 0 0 3.05279 2.54204 -0.198886 -2.63064 2.2165 1.6043 2.00837 3.81341 2.05972 3.10851 3.761 4.01708 4.53335 0.327648 -0.078125 0.800705 2.97408 4.99373 6.55231 4.86397 2.00608 -5.47041 -9.36214 -11.0371 -10.8739 -10.0293 -11.2721 -13.3849 -13.2739 -14.8397 -13.822 -13.0294 -10.7062 -11.0156 -11.7196 -14.0197 -12.4699 -10.8223 -11.5138 -9.00873 -4.78056 -0.716248 2.92754 4.39298 7.51809 13.0679 19.2187 25.4379 31.192
0 0 0 0 0 0 0 0 0 0 0 0 0 0 0 0 6.90763 4.05698 1.20632 2.81966 4.43301 4.22487 4.01674 4.06809 4.11944 3.97242 3.82541 5.53754 7.24967 3.57796 -0.09375 0.378556 0.850861 1.84919 2.84752 3.23635 3.62518 -2.80798 -9.24114 -10.1643 -11.0876 -10.8973 -10.707 -11.907 -13.107 -12.8533 -12.5996 -10.6321 -8.6647 -10.8264 -12.9882 -14.2547 -15.5213 -15.0813 -14.6413 -11.2745 -7.9076 -3.56591 0.775778 1.38334 1.99091 9.70848 17.4261 21.4593 25.4926
0 0 0 0 0 0 0 0 0 0 0 0 0 0 0 0 4.458 3.51531 2.61153 1.22396 5.22906 5.87541 6.02511 5.13774 5.05665 4.20368 3.88982 4.56011 4.58214 0.644275 -0.109375 -0.247542 -0.746336 0.413967 -0.857274 -1.4257 -1.57771 -6.93537 -9.12013 -11.1761 -10.1878 -11.6076 -10.142 -9.90416 -11.4864 -10.4143 -11.3771 -11.3609 -10.7524 -12.78 -14.2568 -16.4666 -16.8661 -18.9373 -17.7688 -13.7195 -10.0598 -6.80591 -1.37598 1.724 3.57373 11.5317 15.6335 16.8321 23.8684
0 0 0 0 0 0 0 0 0 0 0 0 0 0 0 0 2.00837 3.01255 4.01674 5.02092 6.02511 7.02929 8.03347 7.01366 5.99386 4.97405 3.95424 2.93443 1.91462 0.894809 -0.125 -1.23427 -2.34353 -3.4528 -4.56207 -5.67133 -6.7806 -7.88986 -8.99913 -9.14357 -9.28801 -9.43245 -9.57689 -9.72134 -9.86578 -10.0102 -10.1547 -11.4974 -12.8401 -14.1828 -15.5255 -16.8682 -18.2109 -19.5536 -20.8963 -16.5542 -12.212 -7.86988 -3.52774 0.814408 5.15655 9.4987 13.8408 18.0425 22.2442
0 0 0 0 0 0 0 0 0 0 0 0 0 0 0 0 1.87876 4.58263 2.62393 4.39417 7.75429 7.3544 7.00585 7.62247 7.72723 6.58144 5.51913 4.77284 4.72193 1.96337 -0.140625 0.745666 -0.499472 -3.32978 -6.68504 -7.50474 -8.8213 -9.05884 -7.9133 -7.61385 -8.45796 -7.3769 -7.59112 -9.52435 -8.51982 -8.02772 -8.9322 -5.60304 -6.81607 -6.54481 -7.44379 -9.2698 -13.2585 -15.6048 -18.339 -17.4734 -14.7289 -7.22912 -2.99537 1.18979 7.90252 10.3994 12.0482 13.2244 15.57
0 0 0 0 0 0 0 0 0 0 0 0 0 0 0 0 1.74915 1.49013 1.23112 5.35729 9.48347 7.73085 5.97823 7.71942 9.46061 8.27231 7.08401 7.30663 7.52925 3.6865 -0.15625 0.594169 1.34459 -3.73171 -8.80802 -9.83501 -10.862 -8.84474 -6.82747 -7.22769 -7.62792 -6.61663 -5.60535 -6.38961 -7.17387 -7.44181 -7.70974 -4.2509 -0.79206 -0.0770725 0.637915 -3.83404 -8.306 -12.0438 -15.7816 -16.5137 -17.2458 -9.8544 -2.463 4.09274 10.6485 10.4521 10.2556 9.57577 8.8959
0 0 0 0 0 0 0 0 0 0 0 0 0 0 0 0.375405 0.470324 1.20765 -0.161689 1.53136 5.33386 4.86746 4.95061 8.1768 8.2645 8.17457 8.6489 8.99708 6.2712 1.7709 -0.171875 -0.798457 -2.63807 -4.8024 -10.931 -12.6182 -9.85845 -8.90747 -5.74164 -6.45092 -5.38636 -4.18686 -3.61957 -4.72528 -5.31159 -6.04767 -6.48729 -1.67708 2.48809 5.59657 8.71962 1.17839 -2.6194 -7.84379 -13.2243 -16.5184 -11.6392 -9.11613 -1.93063 3.95054 6.64228 9.91812 8.46303 8.80981 6.67722
0 0 0 0 0 0 0 0 0 0 0 0 0 -0.03125 -0.0625 -0.435499 -0.808499 -1.1815 -1.5545 -0.185126 1.18424 2.55362 3.92299 5.49569 7.06839 8.64109 10.2138 7.61347 5.01315 2.41282 -0.1875 -3.40412 -6.62074 -9.83735 -13.054 -10.9544 -8.85489 -6.75535 -4.65582 -3.90031 -3.14481 -2.3893 -1.6338 -2.54156 -3.44931 -4.35707 -5.26483 0.251708 5.76824 11.2848 16.8013 9.93426 3.0672 -3.79985 -10.6669 -8.34975 -6.03259 -3.71542 -1.39826 0.618909 2.63608 4.65325 6.67042 5.56448 4.45854
0 0 0 0 0 0 0 0 0 0 0 0 0 -0.494037 -0.078125 -0.841323 0.881639 -0.387827 -1.20494 -0.69366 0.939161 2.31957 2.89537 4.86462 6.19967 7.19136 7.60566 7.0859 2.12278 0.653347 -0.203125 -4.94957 -5.83991 -7.24491 -9.86079 -6.81026 -5.59236 -2.39248 -3.56999 -3.24259 -2.17945 -2.66114 -1.31129 -1.00053 -1.65596 -4.00746 -4.04237 0.928003 5.50823 10.6789 12.4994 6.95636 2.83598 -3.94334 -8.10956 -7.84536 -7.24771 -4.7477 -1.16588 0.426518 1.22554 2.89981 4.87782 2.41882 1.28876
0 0 0 0 0 0 0 0 0 0 0 0 0 -0.046875 -0.09375 1.23901 2.57178 0.858202 -0.855374 -0.0806484 0.694077 1.28091 1.86774 3.59935 5.33096 5.16424 4.99752 2.11497 -0.767578 -0.493164 -0.21875 -2.63892 -5.05909 -5.86335 -6.66761 -4.49872 -2.32983 -2.407 -2.48416 -1.84912 -1.21409 -1.10143 -0.988774 -0.425686 0.137402 -1.34126 -2.81991 1.21415 5.24822 6.72288 8.19753 5.40114 2.60475 -1.47373 -5.55221 -7.00752 -8.46283 -4.69817 -0.933506 -0.559256 -0.185007 1.4501 3.08521 0.602096 -1.88102
0 0 0 0 0 0 0 0 0 0 0 0 0 -0.329402 -0.109375 0.9045 1.21558 1.53583 -0.505812 0.0727231 0.261101 -1.52582 0.840122 2.50924 2.56392 0.33755 2.38939 1.95525 -0.500976 -0.211216 -0.234375 -3.62203 -2.66236 -4.32486 -3.47443 -1.29789 -1.31335 -2.92468 -1.39833 -0.704423 -0.771107 -2.1776 -0.666262 -0.0212564 -0.110986 -2.47903 -1.59746 0.339727 2.4288 2.50896 3.89564 1.67238 1.09144 -1.41689 -2.99485 -4.39467 -4.45798 -2.54876 -0.701128 -1.67002 -0.334691 0.981147 1.29261 1.09665 -1.19832
0 0 0 0 0 0 0 0 0 0 0 0 -0.0625 -0.09375 -0.125 -0.132812 -0.140625 -0.148438 -0.15625 -0.164062 -0.171875 -0.179688 -0.1875 -0.195312 -0.203125 -0.210938 -0.21875 -0.226562 -0.234375 -0.242188 -0.25 -0.257812 -0.265625 -0.273438 -0.28125 -0.289062 -0.296875 -0.304688 -0.3125 -0.320312 -0.328125 -0.335938 -0.34375 -0.351562 -0.359375 -0.367188 -0.375 -0.382812 -0.390625 -0.398438 -0.40625 -0.414062 -0.421875 -0.429688 -0.4375 -0.445312 -0.453125 -0.460938 -0.46875 -0.476562 -0.484375 -0.492188 -0.5 -0.507812 -0.515625
0 0 0 0 0 0 0 0 0 0 -2.60395 -3.05598 -0.0694926 -1.14814 -0.0771561 0.158812 -1.62476 1.7399 0.0510383 -1.93512 -2.4631 -0.710196 -3.916 -0.074126 -2.95485 -2.35079 -2.40986 -2.12863 -0.676293 -1.22372 -3.61667 -5.08463 -4.66975 -2.56019 -1.11076 -3.6823 -1.13583 -4.18705 -1.09586 -0.378628 -3.17642 -2.47752 -4.26434 -3.07225 -2.46626 -4.12646 -4.04035 -3.95742 -6.53997 -4.45222 -4.93658 -7.55172 -5.91207 -5.23104 -3.99695 -3.84722 -4.31202 -1.51077 -4.10078 -4.81698 -4.16359 -3.95107 -2.20874 -1.31684 -1.44912
0 0 0 0 0 0 0 0 0 0 -5.2079 -2.64219 -0.0764852 -0.0528986 -0.0293121 -1.56911 -3.1089 -1.42529 0.258327 -2.248 -4.75432 -6.19941 -7.64451 -6.67554 -5.70658 -5.15377 -4.60097 -2.85959 -1.11821 -4.05077 -6.98333 -8.0286 -9.07387 -5.50708 -1.94028 -1.95753 -1.97478 -1.927 -1.87923 -3.95197 -6.02471 -7.10482 -8.18493 -6.37904 -4.57315 -6.13943 -7.70571 -10.1975 -12.6893 -11.0781 -9.46692 -10.4346 -11.4023 -9.47933 -7.55641 -7.86367 -8.17092 -7.95187 -7.73281 -7.7878 -7.8428 -5.88013 -3.91747 -3.15005 -2.38262
0 0 0 0 0 0 0 0 0 -5.26363 -7.81184 -5.46459 -2.6256 -1.05186 0.0185318 1.07048 -1.36963 1.57481 0.465615 -0.321604 -5.98431 -8.62944 -11.373 -10.7522 -8.87446 -9.65874 -6.79207 -4.52952 -6.23407 -7.11387 -10.35 -8.78771 -8.86593 -5.36197 -2.76979 -1.8622 -2.7487 -1.37025 -2.66259 -6.82755 -7.88037 -10.0167 -12.1055 -12.4004 -10.0522 -10.7844 -11.3711 -10.4479 -14.7357 -16.0784 -13.9973 -15.673 -14.0019 -12.6024 -11.1159 -10.9946 -11.5035 -10.9938 -11.3648 -10.1535 -9.50435 -8.50624 -5.62621 -3.64016 -1.447
3.52536 5.30367 7.08197 4.07555 1.06913 -1.93729 -4.94371 -6.31173 -7.67975 -9.04777 -10.4158 -7.79525 -5.17471 -2.55417 0.0663757 0.218008 0.369639 0.521271 0.672903 -3.2707 -7.2143 -11.1579 -15.1015 -13.5719 -12.0423 -10.5128 -8.98318 -10.1666 -11.3499 -12.5333 -13.7167 -11.1873 -8.65798 -6.12864 -3.5993 -3.56097 -3.52263 -3.48429 -3.44595 -6.59099 -9.73603 -12.8811 -16.0261 -15.7787 -15.5313 -15.2838 -15.0364 -15.9092 -16.782 -17.6548 -18.5276 -17.5645 -16.6015 -15.6384 -14.6753 -14.7557 -14.8361 -14.9165 -14.9969 -13.0814 -11.1659 -9.25043 -7.33494 -3.92316 -0.511369
4.70263 3.48869 4.06774 -0.296292 -3.39658 -3.63436 -6.17963 -6.3893 -8.65812 -10.4785 -9.01555 -4.69163 0.596995 1.93118 0.11422 0.215439 0.192107 -2.55152 -3.21504 -4.81694 -7.90082 -13.0909 -18.83 -17.8255 -17.6355 -15.8119 -13.8872 -16.2278 -16.7609 -17.2081 -17.0833 -13.6782 -9.19702 -9.70996 -6.91982 -3.8052 -3.35057 -2.99368 -4.22931 -6.49737 -8.23174 -10.3374 -16.5542 -15.7634 -19.3121 -18.0562 -18.7018 -19.0551 -20.1205 -22.1449 -21.2221 -18.9073 -19.1319 -20.858 -18.2348 -19.9432 -19.7916 -17.7394 -16.633 -13.1728 -12.198 -15.3031 -9.04368 -7.57503 -0.733643
5.87989 3.4667 1.05351 -3.40439 -7.86229 -7.63892 -7.41556 -8.52602 -9.63649 -8.6259 -7.61531 -0.623307 6.3687 3.26538 0.162064 0.0883188 0.0145741 -3.54421 -7.10299 -7.84516 -8.58734 -15.5729 -22.5585 -22.8936 -23.2286 -21.01 -18.7913 -20.4816 -22.1719 -21.3109 -20.45 -15.093 -9.73606 -9.9882 -10.2403 -6.70942 -3.1785 -4.09559 -5.01268 -5.87006 -6.72744 -11.9049 -17.0824 -20.0877 -23.093 -22.73 -22.3671 -22.9131 -23.4591 -23.6878 -23.9165 -22.7894 -21.6623 -21.7283 -21.7942 -23.2706 -24.7471 -21.5081 -18.2692 -15.7496 -13.2301 -11.9913 -10.7524 -5.85417 -0.955916
1.68058 2.46165 -1.96072 -3.4251 -7.64674 -7.6494 -8.65149 -8.14156 -8.4938 -8.25751 -6.21507 -2.06351 2.04508 2.31911 0.209908 -1.63994 -3.648 -7.19316 -10.9909 -14.1598 -15.5173 -20.0775 -26.287 -27.2653 -26.2681 -26.0512 -23.6954 -22.9858 -25.0316 -24.1307 -23.8167 -20.4655 -15.8842 -15.5499 -13.5608 -9.59468 -7.45444 -6.67458 -5.79604 -7.29113 -9.54322 -14.2953 -17.6105 -22.2401 -23.5056 -25.5824 -26.0325 -28.7188 -26.4804 -25.5603 -26.611 -27.6992 -25.3858 -26.3737 -25.3537 -24.9296 -24.9872 -19.8952 -19.9054 -18.0333 -15.5429 -13.1028 -12.4612 -8.93413 -4.66272
-2.51873 -3.74684 -4.97496 -6.20307 -7.43119 -8.6593 -9.88741 -8.61927 -7.35112 -6.08298 -4.81483 -3.54669 -2.27854 -1.01039 0.257751 -3.52641 -7.31057 -11.0947 -14.8789 -18.663 -22.4472 -26.2314 -30.0155 -29.6615 -29.3075 -28.9534 -28.5994 -28.2454 -27.8914 -27.5374 -27.1833 -24.6078 -22.0323 -19.4569 -16.8814 -14.3059 -11.7304 -9.15489 -6.5794 -9.4692 -12.359 -15.2488 -18.1386 -21.0284 -23.9182 -26.808 -29.6978 -29.5997 -29.5017 -29.4036 -29.3055 -29.2074 -29.1093 -29.0112 -28.9131 -27.0702 -25.2273 -23.3844 -21.5415 -19.6986 -17.8557 -16.0128 -14.1699 -11.2697 -8.36953
-1.86518 -1.0261 -2.92553 -7.40686 -8.11917 -7.07252 -8.61927 -8.22081 -6.71792 -7.91557 -6.17869 -6.05727 -3.56435 -1.24464 0.305595 -2.97431 -8.36464 -10.448 -15.201 -17.5124 -18.0299 -22.1251 -29.6058 -29.1811 -29.8731 -30.6027 -30.1454 -29.4774 -26.0446 -25.577 -30.55 -29.675 -27.769 -22.962 -17.6729 -15.6182 -16.0788 -15.4581 -12.8281 -17.4842 -23.5828 -26.8683 -29.23 -31.7287 -31.7618 -34.4064 -33.3632 -32.3632 -32.2141 -33.8301 -33.2612 -32.6943 -33.8341 -34.28 -30.7278 -28.99 -28.3017 -28.8999 -24.8332 -25.8117 -22.7377 -17.3897 -15.8786 -12.6494 -11.5615
-1.21163 -1.04387 -0.876106 -4.84163 -8.80715 -8.07913 -7.35112 -6.71792 -6.08471 -6.81363 -7.54255 -6.19636 -4.85016 -2.24836 0.353439 -4.53264 -9.41871 -12.4709 -15.5231 -14.5678 -13.6126 -21.4044 -29.1962 -29.8174 -30.4387 -31.065 -31.6913 -27.9445 -24.1977 -29.0572 -33.9167 -33.7112 -33.5057 -25.9851 -18.4645 -19.4459 -20.4273 -19.752 -19.0767 -26.9417 -34.8067 -37.5641 -40.3215 -39.9635 -39.6054 -38.317 -37.0285 -35.9775 -34.9265 -36.0717 -37.217 -37.888 -38.559 -35.5507 -32.5424 -31.9592 -31.376 -29.7504 -28.1249 -27.8722 -27.6196 -22.6035 -17.5874 -16.1704 -14.7535
0.176436 0.839285 1.17332 -3.55996 -4.80159 -3.419 -6.08298 -7.91185 -6.81363 -10.2271 -8.90641 -7.82499 -4.88037 -2.499 0.401283 -3.94645 -8.63889 -11.8537 -15.8452 -16.9565 -17.9423 -22.3677 -28.7865 -31.3875 -31.0094 -30.7939 -33.2373 -31.4114 -30.9572 -33.8927 -37.2833 -34.1314 -31.9272 -28.5093 -19.256 -17.4643 -23.1191 -23.8985 -25.3254 -32.5433 -40.9229 -46.6504 -51.4129 -51.2191 -46.5186 -45.3166 -40.6939 -38.6693 -39.8352 -37.3731 -41.1727 -40.5319 -39.6045 -36.042 -34.357 -32.2097 -33.408 -31.5659 -31.4165 -30.0966 -27.7381 -24.4143 -19.2961 -17.2915 -18.4885
1.5645 2.39362 3.22275 1.21335 -0.796043 -2.80544 -4.81483 -6.17869 -7.54255 -8.90641 -10.2703 -7.59042 -4.91057 -2.23072 0.449127 -3.70497 -7.85906 -12.0131 -16.1672 -19.2196 -22.272 -25.3244 -28.3768 -29.9784 -31.58 -33.1816 -34.7832 -36.2499 -37.7166 -39.1833 -40.65 -35.4994 -30.3488 -25.1982 -20.0476 -22.9292 -25.8108 -28.6924 -31.574 -39.3066 -47.0392 -54.7718 -62.5043 -57.9681 -53.4318 -48.8955 -44.3592 -44.5516 -44.7439 -44.9362 -45.1285 -42.8893 -40.6501 -38.4109 -36.1717 -35.8058 -35.4399 -35.0741 -34.7082 -31.2824 -27.8565 -24.4307 -21.0048 -21.6141 -22.2234
2.7567 1.60889 2.43365 1.76894 -1.81192 -3.78509 -3.54669 -5.03761 -5.94676 -5.78349 -7.59042 -5.57927 -1.53096 -1.0758 0.496971 -3.37558 -7.46179 -9.2015 -15.3876 -15.6939 -18.3144 -24.8185 -27.9671 -30.5298 -32.3213 -36.1026 -36.1942 -38.1266 -40.9627 -44.4444 -44.0167 -39.0779 -35.47 -31.1438 -28.8714 -31.7503 -32.8978 -35.1539 -37.8227 -44.3556 -50.2542 -56.5889 -61.3269 -58.3648 -54.1839 -50.5628 -48.0246 -48.3735 -49.9002 -47.9842 -46.6527 -42.3855 -40.8645 -41.421 -37.9863 -37.5723 -34.3532 -31.6442 -34.9399 -32.8685 -27.6451 -26.0105 -22.7136 -22.9523 -21.626
3.9489 2.79673 1.64456 -0.591617 -2.82779 -2.55317 -2.27854 -3.31475 -4.35097 -4.63077 -4.91057 -1.53096 1.84866 1.19674 0.544815 -3.25985 -7.06452 -10.8363 -14.608 -14.4824 -14.3569 -20.9571 -27.5574 -30.31 -33.0625 -35.3339 -37.6053 -40.907 -44.2087 -45.796 -47.3833 -43.9873 -40.5913 -39.1432 -37.6951 -38.8399 -39.9847 -42.028 -44.0713 -48.7703 -53.4692 -56.8094 -60.1495 -57.5428 -54.9361 -53.313 -51.69 -53.3733 -55.0566 -51.6168 -48.177 -44.628 -41.079 -40.44 -39.8009 -36.5337 -33.2664 -34.219 -35.1716 -31.3026 -27.4337 -25.928 -24.4223 -22.7254 -21.0285
1.9598 -0.512709 0.855468 -0.676858 -1.33286 0.381862 -1.01039 -1.98837 -1.99876 -1.61474 -2.23072 -0.246272 1.19674 0.939005 0.592659 -1.60033 -6.63433 -8.93624 -13.8284 -15.7717 -17.1251 -22.1649 -27.1478 -32.0394 -33.3226 -37.9487 -39.0163 -43.742 -45.7404 -48.3462 -50.75 -47.7234 -47.6605 -44.4322 -46.5189 -47.0071 -47.9702 -48.587 -50.32 -53.7315 -55.3254 -56.6857 -58.9721 -55.0257 -56.6719 -58.337 -55.3553 -57.0679 -55.0898 -53.0817 -49.7012 -47.2988 -44.2034 -43.3574 -41.6156 -39.8604 -36.3995 -35.3505 -35.4033 -29.4677 -29.5855 -27.3881 -26.131 -25.7494 -24.2653
-0.0293121 0.0185318 0.0663757 0.11422 0.162064 0.209908 0.257751 0.305595 0.353439 0.401283 0.449127 0.496971 0.544815 0.592659 0.640503 -2.78182 -6.20414 -9.62646 -13.0488 -16.4711 -19.8934 -23.3158 -26.7381 -30.1604 -33.5827 -37.005 -40.4274 -43.8497 -47.272 -50.6943 -54.1167 -54.4232 -54.7297 -55.0362 -55.3427 -55.6492 -55.9557 -56.2622 -56.5687 -56.8752 -57.1817 -57.4882 -57.7947 -58.1012 -58.4077 -58.7142 -59.0207 -57.0719 -55.1231 -53.1742 -51.2254 -49.2766 -47.3278 -45.379 -43.4302 -41.4814 -39.5326 -37.5838 -35.635 -33.6862 -31.7374 -29.7886 -27.8398 -27.6709 -27.5021
