Final_Project/temp.dem.grd
ncols 257
nrows 257
xllcorner 0
yllcorner 0
cellsize 10
[rows 0 to 28 of 257, columns 65 to 129 of 257]
-1 -1 -1 -1 -1 -1 -1 -1 -1 -1 -1 -1 -1 -1 -1 -1 -1 -1 -1 -1 -1 -1 -1 -1 -1 -1 -1 -1 -1 -1 -1 -1 -1 -1 -1 -1 -1 -1 -1 -1 -1 -1 -1 -1 -1 -1 -1 -1 -1 -1 -1 -1 -1 -1 -1 -1 -1 -1 -1 -1 -1 -1 -1 -1 -1
-1.02729 -1.54331 -3.32793 -1.50913 -0.823535 -2.37961 -1.66648 -1.29846 0.0289603 -1.41703 -2.35013 -1.87542 -3.11561 -4.27531 -2.66367 -0.669336 -1.02324 -2.63044 -4.60744 -1.41778 -3.18342 -1.56288 -2.56415 -3.03068 -7.25616 -7.84099 -6.02684 -2.77317 -3.94329 -6.05022 -4.57989 -4.45462 -3.99569 -4.20651 -3.93194 -2.53219 -2.34714 -3.63776 -5.75284 -3.33957 -1.73881 -2.8366 -4.9277 -4.26377 -3.55232 -3.17254 -3.66438 -2.50084 -0.0697825 -0.0560395 -1.12403 -1.40836 -0.0759988 -3.77753 -3.11554 -1.74347 -1.88068 -0.797258 -2.8771 -3.35256 -1.67464 -1.31598 -2.36082 -0.992188 3.01217
-2.97673 -2.08662 -2.05245 -2.01827 -2.88874 -3.75922 -2.67807 -1.59692 -1.71549 -1.83407 -2.29245 -2.75084 -5.15073 -7.55062 -3.94465 -0.338672 -2.29977 -4.26087 -3.04822 -1.83557 -1.98066 -2.12575 -3.59356 -5.06136 -9.87167 -14.682 -9.61415 -4.54633 -7.82339 -11.1004 -9.50484 -7.90924 -7.66113 -7.41303 -5.7387 -4.06438 -5.16995 -6.27552 -5.97733 -5.67913 -5.17617 -4.6732 -6.10037 -7.52753 -6.43631 -5.34508 -4.67338 -4.00168 -1.55688 0.887921 -0.464398 -1.81672 -4.18589 -6.55506 -4.521 -2.48695 -1.54073 -0.594516 -3.14982 -5.70513 -3.66854 -1.63196 -1.30817 -0.984375 3.95817
-3.27833 -3.48586 -3.06972 -2.5274 -4.62039 -3.1872 -1.81944 -1.89538 -1.12012 -2.59091 -4.45904 -3.62625 -4.89604 -4.82007 -5.32022 -0.00800824 -3.33383 -2.71756 -4.28001 -2.25335 -2.22093 -4.01134 -6.30752 -7.09205 -10.4247 -11.6448 -5.31695 -6.3195 -7.86928 -11.278 -10.0377 -11.3639 -12.4073 -9.19332 -7.12564 -5.59656 -8.02672 -7.50951 -6.11508 -8.0187 -8.10075 -8.43993 -11.2682 -10.7913 -9.41464 -7.93715 -8.99512 -5.50253 -5.68189 -1.96524 -2.58702 -2.22507 -4.68742 -4.92936 -3.72456 -3.23042 -5.63849 -3.8933 -6.77422 -8.05769 -5.19307 -3.66073 -2.5629 -0.976562 2.22397
-5.80938 -4.8851 -3.96082 -3.03654 -2.82586 -2.61519 -2.40451 -2.19384 -2.77079 -3.34775 -3.92471 -4.50167 -3.29559 -2.08951 -0.883426 0.322656 -0.425793 -1.17424 -1.92269 -2.67114 -4.28404 -5.89693 -7.50983 -9.12273 -8.86521 -8.60769 -8.35018 -8.09266 -9.77412 -11.4556 -13.137 -14.8185 -12.896 -10.9736 -9.05118 -7.12875 -7.93613 -8.74351 -9.55089 -10.3583 -11.2825 -12.2067 -13.1309 -14.0551 -12.2921 -10.5292 -8.76629 -7.00337 -5.91088 -4.8184 -3.72592 -2.63343 -2.96855 -3.30367 -3.63878 -3.9739 -5.58299 -7.19208 -8.80117 -10.4103 -8.04988 -5.6895 -3.32913 -0.96875 3.10742
-6.26718 -6.83343 -6.52198 -4.25928 -2.30629 -0.733889 -3.41064 -2.49229 -1.0108 -1.38515 -2.72728 -3.59405 -3.99481 -0.822583 -1.23675 0.65332 -2.15558 -2.58929 -2.40708 -3.95337 -7.33439 -7.79145 -9.3071 -11.1534 -11.0226 -11.1464 -13.3345 -11.8048 -17.1536 -17.5036 -16.9741 -18.2731 -15.7886 -15.4495 -14.3896 -11.3907 -9.56066 -9.83536 -11.1443 -12.6978 -12.6025 -13.3121 -12.8523 -14.6317 -9.88617 -10.5248 -10.0363 -8.50421 -8.25449 -5.93895 -2.83044 -4.46939 -6.08732 -9.47411 -7.37494 -4.71737 -6.19994 -5.21032 -4.18969 -8.79336 -5.78183 -3.79671 -3.52295 -0.960938 1.54267
-9.19113 -8.78176 -7.13189 -5.48202 -2.16731 1.14741 -0.821673 -2.79075 -1.10665 0.577445 -1.05449 -2.68643 -1.12104 0.444341 0.714162 0.983984 -1.51018 -4.00434 -4.61997 -5.23561 -7.46079 -9.68597 -11.435 -13.1841 -13.4346 -13.6852 -14.6011 -15.5169 -19.5343 -23.5517 -22.6397 -21.7277 -20.8265 -19.9253 -17.789 -15.6527 -13.29 -10.9272 -12.9823 -15.0374 -14.7275 -14.4176 -14.813 -15.2084 -12.8643 -10.5203 -10.2627 -10.0051 -8.53227 -7.05949 -6.68242 -6.30535 -10.975 -15.6446 -10.5527 -5.46085 -4.34471 -3.22857 -5.20251 -7.17645 -4.54018 -1.90391 -1.42852 -0.953125 0.103602
-9.3299 -9.48959 -8.13417 -6.70476 -6.66332 -2.25509 -2.92181 -3.08921 -1.73342 -0.77599 -2.05515 -1.7788 -0.536257 0.415703 0.949653 1.31465 -1.11492 -3.54086 -6.38868 -6.51784 -7.70398 -11.1044 -12.8908 -15.2148 -13.9916 -16.8893 -18.1235 -19.2291 -21.7201 -24.6704 -25.6244 -25.1823 -25.1437 -23.1661 -20.1602 -19.9147 -18.3592 -16.4369 -15.21 -17.377 -17.8019 -16.2284 -14.4944 -15.785 -12.6174 -12.6023 -11.9311 -11.5059 -12.3425 -9.27575 -6.61398 -8.14131 -11.8465 -12.0535 -10.5596 -6.20432 -4.12567 -4.33689 -6.02617 -5.55955 -6.40766 -2.17199 -2.32026 -0.945312 0.139926
-11.3324 -10.1974 -9.06246 -7.9275 -6.79254 -5.65759 -4.52263 -3.38767 -2.75855 -2.12943 -1.5003 -0.87118 -0.242057 0.387066 1.01619 1.64531 -0.716034 -3.07738 -5.43873 -7.80007 -10.1614 -12.5228 -14.8841 -17.2455 -18.6694 -20.0933 -21.5173 -22.9412 -24.3651 -25.7891 -27.213 -28.637 -27.5219 -26.4069 -25.2918 -24.1767 -23.0617 -21.9466 -20.8316 -19.7165 -18.8778 -18.0391 -17.2004 -16.3616 -15.5229 -14.6842 -13.8455 -13.0067 -12.2494 -11.492 -10.7346 -9.97727 -9.2199 -8.46253 -7.70516 -6.94779 -6.19651 -5.44522 -4.69393 -3.94265 -3.19136 -2.44007 -1.68879 -0.9375 -3.67037
-11.7297 -10.8777 -11.098 -8.67875 -9.91793 -9.04948 -5.38192 -4.19196 -4.3493 -2.60465 -1.41539 -1.69387 -2.64469 -0.371054 -1.91982 1.97598 -0.591828 -5.471 -6.44373 -8.58131 -8.52097 -11.7116 -16.5969 -18.3387 -19.6714 -20.1122 -21.5327 -26.7375 -25.5234 -28.7951 -28.9829 -32.0916 -32.0264 -28.7921 -27.1325 -28.7542 -29.2936 -25.7082 -22.0041 -22.3324 -23.2398 -19.7105 -22.241 -21.137 -21.0417 -18.3032 -16.6776 -14.5076 -11.057 -10.2601 -7.08911 -10.5971 -11.3159 -10.2042 -9.2126 -7.69735 -6.31249 -3.98372 -3.93577 -2.92067 -3.80232 -4.2665 -1.64582 -0.929688 -2.76932
-13.4461 -11.558 -10.494 -9.42999 -10.9357 -12.4414 -8.71882 -4.99626 -4.03806 -3.07987 -2.79821 -2.51656 -1.82287 -1.12917 0.588732 2.30664 -2.77899 -7.86462 -8.61358 -9.36254 -10.1315 -10.9004 -15.1662 -19.432 -19.7815 -20.131 -25.3324 -30.5337 -31.1674 -31.801 -33.6736 -35.5462 -33.3618 -31.1774 -32.2545 -33.3317 -31.4007 -29.4698 -27.209 -24.9483 -23.1652 -21.382 -23.6472 -25.9124 -23.9173 -21.9222 -18.9653 -16.0084 -12.5183 -9.02814 -10.1225 -11.2169 -11.5814 -11.9459 -10.1964 -8.44691 -5.48456 -2.52221 -2.21045 -1.8987 -3.99581 -6.09293 -3.5074 -0.921875 -3.73933
-16.1363 -13.0623 -13.5188 -10.1812 -12.0911 -10.605 -9.4929 -5.80055 -4.303 -4.23163 -5.57446 -3.33925 -2.89136 -0.86308 0.95696 2.6373 -1.14783 -5.92157 -9.88674 -10.1438 -9.007 -13.5861 -16.7479 -20.5253 -23.2796 -25.0017 -29.4459 -34.33 -34.286 -36.0459 -38.7233 -39.0008 -36.8128 -36.8242 -36.5329 -37.9092 -35.5754 -32.9016 -30.2929 -27.5642 -28.5774 -27.1018 -30.179 -30.6877 -25.305 -24.5794 -20.8288 -17.5093 -13.5103 -12.3807 -12.7921 -11.8367 -12.105 -11.5736 -11.9091 -9.19646 -5.75766 -3.7113 -2.11413 -0.876722 0.176 -3.23671 -0.904531 -0.914062 -1.95515
-16.3839 -14.5667 -12.7496 -10.9325 -9.85057 -8.76866 -7.68675 -6.60485 -5.99412 -5.38339 -4.77267 -4.16194 -2.37946 -0.596986 1.18549 2.96797 -0.505279 -3.97852 -7.45177 -10.925 -13.5984 -16.2718 -18.9452 -21.6186 -25.7455 -29.8724 -33.9994 -38.1263 -39.2086 -40.2909 -41.3732 -42.4554 -42.4632 -42.471 -42.4788 -42.4866 -39.41 -36.3334 -33.2567 -30.1801 -31.5009 -32.8216 -34.1424 -35.4631 -31.3499 -27.2366 -23.1234 -19.0101 -17.3717 -15.7333 -14.0949 -12.4565 -11.8289 -11.2013 -10.5736 -9.94602 -7.4232 -4.90038 -2.37756 0.145254 -0.117622 -0.380498 -0.643374 -0.90625 -3.47979
-14.3205 -13.5237 -12.5441 -12.4189 -8.42146 -6.75937 -7.02501 -7.40914 -4.31575 -4.89479 -4.47301 -3.81288 -0.0912396 2.85265 2.8079 3.29863 -0.0383224 -4.57667 -8.47201 -10.9064 -13.6583 -18.5775 -21.6629 -22.7118 -26.7768 -31.349 -33.6536 -38.8779 -44.6594 -46.0482 -45.6816 -45.9101 -45.0876 -43.8011 -45.1979 -43.9797 -41.8035 -37.4376 -33.7654 -32.796 -32.483 -31.7995 -33.9565 -34.8045 -30.1272 -24.14 -23.3718 -20.511 -22.6032 -19.5514 -14.2418 -14.0871 -12.9593 -10.3655 -10.2253 -10.6956 -5.28998 -6.83047 -2.63315 -1.61846 -3.68325 -5.62311 -2.08979 -0.898438 -3.67125
-16.7743 -12.4807 -13.1931 -13.9054 -9.32774 -4.75008 -6.48175 -8.21343 -6.30981 -4.40619 -3.93501 -3.46382 1.41923 6.30229 4.96579 3.62929 -0.772758 -5.17481 -8.03129 -10.8878 -15.8855 -20.8832 -22.3442 -23.8051 -28.3153 -32.8255 -36.2275 -39.6295 -45.7176 -51.8056 -50.5852 -49.3647 -47.2479 -45.1312 -45.302 -45.4727 -42.0073 -38.5418 -36.9768 -35.4119 -33.0946 -30.7774 -32.4616 -34.1458 -27.5946 -21.0433 -21.5276 -22.0118 -22.6907 -23.3695 -19.5436 -15.7177 -12.6237 -9.5298 -10.4875 -11.4451 -10.1028 -8.76056 -6.07137 -3.38218 -7.12395 -10.8657 -5.87817 -0.890625 -4.62364
-17.3538 -16.4436 -16.5618 -15.3919 -11.1244 -9.05013 -9.25054 -9.01773 -6.23668 -5.35003 -2.81457 -3.11476 0.891398 3.53238 5.30737 3.95996 -2.30167 -4.22738 -9.29935 -10.8691 -16.1375 -19.6522 -24.7342 -24.8984 -30.3642 -33.1939 -36.1815 -40.3812 -46.6402 -50.2545 -52.678 -52.8193 -51.1242 -48.7488 -48.1643 -46.9658 -45.0984 -41.5465 -40.2209 -38.0278 -35.4284 -33.7568 -35.5674 -33.4872 -28.6677 -24.9822 -25.3985 -23.5126 -23.8897 -22.6828 -22.0136 -17.3483 -16.1699 -12.7457 -10.4152 -12.1947 -10.5738 -9.34375 -5.20035 -5.1459 -5.37581 -7.37901 -4.50244 -0.882812 -2.72488
-22.1706 -20.4065 -18.6424 -16.8783 -15.1143 -13.3502 -11.5861 -9.82202 -8.05794 -6.29386 -4.52978 -2.7657 -1.00162 0.762462 2.52654 4.29062 0.505339 -3.27995 -7.06523 -10.8505 -14.6358 -18.4211 -22.2064 -25.9916 -29.7769 -33.5622 -37.3475 -41.1328 -44.9181 -48.7034 -52.4886 -56.2739 -54.3201 -52.3664 -50.4126 -48.4588 -46.505 -44.5513 -42.5975 -40.6437 -38.6899 -36.7361 -34.7824 -32.8286 -30.8748 -28.921 -26.9673 -25.0135 -23.5048 -21.9962 -20.4875 -18.9789 -17.4702 -15.9615 -14.4529 -12.9442 -11.4356 -9.92693 -8.41827 -6.90962 -5.40096 -3.89231 -2.38365 -0.875 -1.61665
-22.5901 -22.2128 -21.7393 -17.4436 -16.4475 -16.3407 -13.0662 -13.5528 -10.2373 -6.76021 -5.02972 -5.73164 -5.56983 -4.17239 -1.90135 -0.928078 -4.4484 -6.92235 -10.2892 -14.8322 -19.2133 -24.8728 -27.9851 -29.9863 -35.8354 -37.725 -42.9611 -45.2216 -47.668 -54.169 -57.2749 -59.7285 -55.6654 -56.1761 -55.6926 -52.5755 -51.6677 -50.5228 -50.8371 -46.1291 -42.5762 -40.7357 -36.6351 -33.6822 -31.6098 -27.7933 -29.841 -26.9594 -27.9565 -26.5145 -24.2263 -23.373 -22.0433 -23.8921 -21.0775 -17.6703 -14.6352 -13.4916 -10.9473 -8.37191 -6.84067 -3.18037 -2.32227 -0.867188 -0.08346
-25.4103 -24.0192 -21.014 -18.0088 -18.67 -19.3312 -18.3074 -17.2836 -12.2551 -7.22656 -7.96207 -8.69759 -8.90242 -9.10725 -7.62701 -6.14678 -8.35577 -10.5648 -14.6893 -18.8139 -25.0692 -31.3246 -32.6527 -33.9809 -37.9343 -41.8878 -45.5991 -49.3104 -54.4725 -59.6346 -61.4089 -63.1832 -61.5845 -59.9858 -58.339 -56.6922 -56.5933 -56.4944 -54.0544 -51.6145 -48.1749 -44.7353 -39.6355 -34.5358 -30.6007 -26.6655 -27.7855 -28.9054 -29.9691 -31.0328 -29.4 -27.7672 -29.7949 -31.8226 -27.1096 -22.3965 -19.7263 -17.0562 -13.4452 -9.83421 -6.15132 -2.46843 -1.6639 -0.859375 -0.389494
-24.6967 -24.2115 -19.6227 -18.5741 -18.5765 -20.6367 -19.2676 -21.0144 -14.8296 -13.4569 -13.2273 -11.6635 -10.9172 -12.357 -15.1969 -11.3655 -14.5866 -16.1227 -20.4621 -22.7956 -27.3792 -32.8492 -33.2871 -37.9755 -43.0629 -45.8084 -51.3685 -53.3992 -55.9158 -61.7124 -63.3825 -66.6378 -65.1678 -63.7474 -62.3426 -60.809 -58.9222 -60.1249 -59.1208 -57.0999 -53.2247 -47.0747 -43.4799 -35.3894 -30.0295 -30.5928 -30.7849 -30.8514 -31.6005 -32.8546 -31.7008 -32.1614 -31.7991 -33.0124 -30.4243 -27.1226 -23.9253 -19.68 -15.5578 -11.2965 -9.21587 -4.63485 -1.91685 -0.851562 1.97417
-27.0361 -24.4038 -21.7716 -19.1393 -20.5408 -21.9422 -23.3437 -24.7452 -22.2163 -19.6873 -17.1584 -14.6295 -15.1182 -15.6068 -16.0955 -16.5842 -19.1325 -21.6807 -24.229 -26.7773 -30.5755 -34.3737 -38.1719 -41.9702 -45.8496 -49.7291 -53.6086 -57.4881 -60.6391 -63.7902 -66.9413 -70.0924 -68.8007 -67.509 -66.2174 -64.9257 -64.3406 -63.7555 -63.1704 -62.5853 -55.9997 -49.4142 -42.8286 -36.243 -35.3816 -34.5202 -33.6588 -32.7973 -33.7369 -34.6765 -35.616 -36.5556 -35.3788 -34.2021 -33.0254 -31.8487 -27.0762 -22.3037 -17.5313 -12.7588 -9.78003 -6.80127 -3.82251 -0.84375 1.33906
-29.294 -28.3116 -27.7994 -23.7383 -23.3815 -24.2403 -26.3159 -28.476 -28.9227 -26.4019 -22.5343 -20.613 -20.5042 -20.7557 -21.639 -21.8029 -24.2403 -25.9988 -27.534 -32.0089 -34.6777 -37.8931 -43.2122 -45.9648 -53.044 -58.0236 -59.5567 -60.8485 -62.7594 -68.427 -68.6938 -73.547 -73.0392 -72.5783 -68.5083 -69.749 -67.8432 -67.6927 -71.338 -68.0707 -64.4859 -58.1449 -51.3551 -42.8208 -41.4556 -40.488 -38.5446 -34.7433 -34.6587 -35.2015 -36.086 -38.8335 -36.2816 -34.7482 -32.5487 -36.5748 -32.3646 -25.3728 -21.2559 -16.0148 -16.0888 -9.93538 -4.92503 -0.835938 0.356571
-32.3772 -32.2193 -30.2783 -28.3372 -27.4378 -26.5384 -29.3726 -32.2068 -32.6616 -33.1165 -29.8565 -26.5966 -26.2505 -25.9045 -26.463 -27.0216 -28.6692 -30.3169 -33.7787 -37.2406 -39.3265 -41.4125 -45.686 -49.9594 -58.1388 -66.3181 -65.2635 -64.2089 -68.6364 -73.0638 -75.0327 -77.0016 -77.3246 -77.6476 -76.11 -74.5723 -73.1011 -71.6299 -72.593 -73.5562 -70.2159 -66.8757 -58.1371 -49.3985 -47.9272 -46.4559 -41.5726 -36.6893 -36.2079 -35.7265 -38.4189 -41.1114 -38.2028 -35.2942 -38.2975 -41.3009 -34.8714 -28.4418 -23.8563 -19.2708 -16.1701 -13.0695 -6.94881 -0.828125 2.05531
-37.0062 -34.3439 -33.2871 -32.9362 -31.4894 -32.5701 -32.5649 -35.9376 -37.3361 -36.1162 -34.3318 -32.5801 -32.2579 -31.9579 -30.0883 -32.2403 -34.2536 -36.4492 -41.5028 -42.4722 -43.2249 -47.1194 -50.174 -53.954 -59.9344 -65.3787 -68.2583 -67.5694 -72.2066 -75.2421 -76.7074 -80.4563 -80.2038 -80.8563 -81.7634 -79.3956 -81.2645 -78.0014 -78.2622 -79.0416 -76.9332 -70.2081 -62.9975 -55.9763 -51.7444 -49.0118 -45.2173 -38.6352 -38.3115 -39.4253 -41.6093 -43.3892 -43.6581 -41.7522 -44.5917 -46.027 -37.6968 -33.3549 -26.518 -22.5268 -17.9718 -13.1836 -8.30794 -0.820312 0.56291
-35.9353 -36.4686 -37.0019 -37.5352 -38.0685 -38.6018 -39.1351 -39.6684 -39.3922 -39.116 -38.8398 -38.5637 -38.2875 -38.0113 -37.7352 -37.459 -40.0202 -42.5814 -45.1426 -47.7038 -50.265 -52.8263 -55.3875 -57.9487 -61.194 -64.4392 -67.6845 -70.9298 -74.1751 -77.4203 -80.6656 -83.9109 -83.9879 -84.0649 -84.1419 -84.2189 -84.2959 -84.373 -84.45 -84.527 -79.0338 -73.5405 -68.0473 -62.5541 -57.0609 -51.5676 -46.0744 -40.5812 -41.8527 -43.1242 -44.3957 -45.6671 -46.9386 -48.2101 -49.4816 -50.7531 -44.5105 -38.2679 -32.0254 -25.7828 -19.5402 -13.2976 -7.05507 -0.8125 -1.02075
-36.8994 -35.1903 -34.9785 -36.176 -36.9051 -37.7765 -40.1929 -42.5897 -41.5259 -43.6605 -41.8292 -42.4535 -44.377 -45.032 -45.5358 -42.6777 -46.8723 -51.1277 -52.0751 -52.7754 -53.8156 -58.5097 -61.1395 -62.6274 -66.448 -70.4053 -71.6196 -72.9229 -78.2705 -82.2806 -86.2619 -87.3655 -85.8859 -85.9429 -85.1275 -83.2638 -82.6453 -81.8373 -82.2273 -84.4422 -76.3699 -69.6747 -68.1684 -62.1207 -57.3786 -53.0227 -49.1979 -42.5272 -40.8695 -41.3076 -43.4845 -43.5027 -45.4066 -43.4393 -47.4086 -47.9651 -42.3784 -35.5494 -30.1537 -23.4397 -19.9342 -13.7294 -7.66949 -0.804688 -0.782704
-36.0904 -33.912 -34.3644 -34.8169 -35.884 -36.9512 -41.2311 -45.511 -46.858 -48.2049 -47.2741 -46.3432 -49.1979 -52.0527 -49.9745 -47.8964 -53.7852 -59.6739 -58.7605 -57.847 -61.0201 -64.1932 -65.7496 -67.3061 -71.8387 -76.3714 -75.6437 -74.916 -81.0284 -87.1409 -88.9805 -90.8201 -89.3205 -87.8209 -85.0648 -82.3087 -80.8052 -79.3016 -81.8295 -84.3573 -75.0831 -65.8089 -63.7481 -61.6874 -58.0825 -54.4777 -49.4754 -44.4731 -41.982 -39.4909 -40.4146 -41.3382 -40.0033 -38.6685 -41.9228 -45.1772 -39.004 -32.8308 -26.9637 -21.0966 -17.6289 -14.1612 -7.47903 -0.796875 -0.709417
-35.2136 -35.2645 -35.552 -33.4577 -33.8341 -39.3386 -44.4788 -48.4323 -49.188 -50.4716 -48.9508 -50.233 -56.2973 -54.1405 -55.405 -53.1151 -58.5474 -61.4179 -62.98 -62.9185 -64.4207 -68.26 -68.996 -71.9848 -76.3224 -77.0771 -76.6416 -76.9091 -82.1631 -87.7283 -92.8138 -94.2747 -91.102 -88.4424 -86.5827 -81.3536 -80.6735 -80.7974 -82.5144 -84.2725 -77.7529 -69.1565 -65.2229 -61.254 -58.9683 -54.5353 -51.2881 -46.4191 -42.5362 -41.089 -38.3427 -39.1737 -37.8489 -38.4869 -41.5573 -42.3892 -38.259 -30.4183 -23.4675 -18.7534 -14.9844 -11.3785 -5.30227 -0.789062 -2.06599
-38.8764 -36.6171 -34.3578 -32.0985 -36.9123 -41.7261 -46.5399 -51.3537 -52.0459 -52.7382 -53.4305 -54.1228 -55.1756 -56.2283 -57.281 -58.3338 -60.7479 -63.1619 -65.576 -67.9901 -70.1584 -72.3268 -74.4951 -76.6635 -77.2231 -77.7828 -78.3425 -78.9022 -83.609 -88.3158 -93.0226 -97.7294 -93.3966 -89.0639 -84.7312 -80.3985 -81.3458 -82.2931 -83.2404 -84.1877 -78.3459 -72.5042 -66.6624 -60.8207 -57.7068 -54.5929 -51.479 -48.3651 -45.5261 -42.6871 -39.8482 -37.0092 -37.6572 -38.3052 -38.9533 -39.6013 -33.8035 -28.0058 -22.208 -16.4103 -12.503 -8.59578 -4.68851 -0.78125 -3.28778
