Final_Project/temp.dem.grd
ncols 257
nrows 257
xllcorner 0
yllcorner 0
cellsize 10
[rows 0 to 28 of 257, columns 130 to 194 of 257]
-1 -1 -1 -1 -1 -1 -1 -1 -1 -1 -1 -1 -1 -1 -1 -1 -1 -1 -1 -1 -1 -1 -1 -1 -1 -1 -1 -1 -1 -1 -1 -1 -1 -1 -1 -1 -1 -1 -1 -1 -1 -1 -1 -1 -1 -1 -1 -1 -1 -1 -1 -1 -1 -1 -1 -1 -1 -1 -1 -1 -1 -1 -1 -1 -1
3.95036 4.07157 3.08398 0.291331 -2.58027 -3.88735 -3.72506 -1.80048 -1.79811 0.281616 -1.13005 1.96407 -3.14301 -1.65109 -1.73383 -2.65298 -5.22238 -4.84534 -7.71995 -7.56157 -5.33015 -2.55577 -2.05843 -1.97669 -3.97901 -3.37369 -2.76569 -0.783962 -0.0575112 0.385545 -0.396945 0.0757719 -1.8786 -2.49205 -2.77625 -4.2817 -3.57863 -2.4588 -2.23174 1.27728 4.3962 2.63002 3.96446 2.96429 3.68195 1.03177 1.14568 1.28799 1.88126 -1.55552 0.4643 2.44194 3.38134 1.50974 2.37434 2.74932 2.99558 1.66307 3.66092 3.41795 2.91514 -0.428551 0.800418 2.39296 1.29767
8.90072 8.03434 7.16796 1.50371 -4.16054 -5.30533 -6.45011 -4.52317 -2.59623 -1.92817 -1.26011 -3.27306 -5.28601 -3.87684 -2.46767 -5.95622 -9.44476 -11.9423 -14.4399 -12.0501 -9.6603 -6.38858 -3.11686 -5.03744 -6.95802 -5.7447 -4.53139 -1.8232 0.884978 0.545544 0.20611 -1.27555 -2.7572 -3.65485 -4.55249 -5.35488 -6.15727 -4.81038 -3.46349 3.16446 9.79241 9.36066 8.92891 8.64641 8.3639 5.82763 3.29135 4.02694 4.76252 3.34556 1.9286 4.84564 7.76269 6.75569 5.74868 6.36993 6.99117 7.65651 8.32185 7.57606 6.83028 4.71556 2.60084 3.09809 3.59534
8.04215 10.0563 11.2519 7.11382 -1.22135 -6.03771 -9.17517 -5.57266 -4.65322 0.489813 -1.39016 -2.9493 -4.00689 -4.3738 -3.2015 -8.7683 -12.6762 -17.7779 -21.1598 -18.3023 -13.1085 -7.02438 -4.17529 -4.17324 -6.80313 -5.02806 -6.29708 -5.10089 -1.22015 -1.53363 0.809165 -1.38151 -3.05179 -5.4685 -6.32874 -7.12752 -6.58663 -3.5639 -4.69523 0.583713 8.12892 10.0381 13.8934 12.7919 10.7921 8.33154 5.43703 0.240778 5.49124 5.42998 3.3929 5.5946 8.21999 8.63498 9.12303 9.81577 11.0309 12.6836 12.9828 12.6094 9.37648 7.66402 4.40125 5.66991 5.84399
7.18359 11.2598 15.3359 8.52689 1.71785 -5.09119 -11.9002 -9.30523 -6.71022 -4.11522 -1.52021 -2.12399 -2.72777 -3.33156 -3.93534 -9.92145 -15.9076 -21.8937 -27.8798 -22.2183 -16.5568 -10.8952 -5.23372 -5.94098 -6.64825 -7.35551 -8.06277 -5.69403 -3.32528 -0.956529 1.41222 -0.967082 -3.34638 -5.72569 -8.10499 -7.56048 -7.01598 -6.47148 -5.92697 0.269226 6.46543 12.6616 18.8578 16.039 13.2203 10.4015 7.58271 6.90133 6.21995 5.53858 4.8572 6.76724 8.67728 10.5873 12.4974 13.784 15.0705 16.3571 17.6437 14.7832 11.9227 9.06218 6.20167 7.14716 8.09265
4.17196 6.59748 8.5347 1.226 -4.93682 -10.8775 -14.6253 -11.9611 -8.06402 -6.04587 -4.84905 -4.36124 -2.5254 -3.04939 -4.66917 -9.70655 -13.252 -17.404 -22.9521 -16.6798 -12.8496 -9.10799 -6.29215 -7.65705 -9.2353 -6.98745 -6.75246 -4.78411 -2.29277 -1.81847 2.01528 -2.04344 -4.58387 -8.82495 -6.95743 -7.03029 -6.47598 -5.33292 -7.15872 1.1558 5.31336 10.1586 14.8073 11.8295 10.2464 10.4113 9.72838 11.9503 11.8406 13.2343 8.91292 11.5968 13.7 16.3254 15.8717 16.9788 18.2177 18.5392 18.1575 18.0502 13.064 7.89002 8.00209 8.54679 10.2655
1.16033 1.4469 1.73347 -4.92901 -11.5915 -14.4709 -17.3503 -13.3841 -9.41781 -8.79785 -8.17789 -5.25046 -2.32303 -3.86302 -5.40301 -7.99973 -10.5965 -14.3104 -18.0244 -13.5834 -9.14246 -8.24652 -7.35058 -9.58647 -11.8224 -8.63224 -5.44214 -3.3512 -1.26027 0.679029 2.61833 -1.60151 -5.82136 -5.81561 -5.80987 -5.87292 -5.93598 -7.16322 -8.39046 -2.11458 4.1613 7.45904 10.7568 9.01466 7.27253 9.5733 11.8741 14.6676 17.4612 15.2149 12.9686 15.8457 18.7228 18.9844 19.2461 20.3055 21.3649 20.0181 18.6714 16.4384 14.2054 12.0039 9.80251 11.1204 12.4383
-2.62145 -2.14967 -5.06775 -8.25654 -14.4631 -16.7488 -20.0754 -15.1286 -14.1179 -14.9561 -11.5067 -8.97683 -6.58808 -6.58217 -6.13684 -6.14079 -9.05816 -10.7335 -13.0967 -13.1159 -8.98035 -8.25125 -8.40901 -8.91629 -8.98341 -6.34347 -4.13182 -5.09301 -0.379401 0.257417 3.22139 -0.735682 -2.83326 -3.78174 -4.66231 -6.15212 -6.56016 -7.43835 -9.6222 -2.26174 0.0310972 6.34161 6.70626 4.16204 8.34155 12.1174 14.0197 13.4211 18.042 17.8171 17.0244 18.3441 21.1301 23.3724 22.6204 23.7595 22.1059 22.3749 19.1852 17.4912 15.3783 12.538 11.6029 13.2425 14.1052
-6.40324 -9.13611 -11.869 -14.6018 -17.3347 -20.0676 -22.8005 -20.8092 -18.818 -16.8268 -14.8356 -12.8443 -10.8531 -8.8619 -6.87067 -7.19527 -7.51987 -7.84446 -8.16906 -8.49365 -8.81825 -9.14285 -9.46744 -7.80596 -6.14447 -4.48299 -2.8215 -1.16002 0.501469 2.16295 3.82444 1.98964 0.154844 -1.67995 -3.51475 -5.34955 -7.18435 -9.01915 -10.8539 -7.47653 -4.09911 -0.721687 2.65573 6.03315 9.41057 12.788 16.1654 17.3941 18.6227 19.8514 21.0801 22.3087 23.5374 24.7661 25.9947 24.4208 22.8469 21.273 19.699 18.1251 16.5512 14.9773 13.4033 14.5877 15.7721
-6.48001 -7.60545 -11.7018 -13.7124 -13.5488 -19.7267 -20.8014 -17.927 -15.4201 -16.6195 -16.362 -12.5721 -12.8067 -9.78372 -7.60451 -7.64706 -6.73557 -5.02205 -4.28369 -2.64222 -4.04264 -7.19632 -8.53979 -6.41298 -7.66089 -3.94912 -3.76677 -0.407194 -0.778595 1.98168 4.4275 1.23437 -0.613841 0.646783 0.225023 -2.17641 -4.41415 -5.74223 -6.87347 -2.74538 0.402794 4.07697 7.75311 11.5149 14.2878 15.077 18.3111 18.7121 19.6288 22.1051 23.9516 25.4045 23.1936 24.253 26.5665 25.9142 26.2198 22.5956 21.5047 17.7729 13.8284 15.1329 15.2038 16.0688 17.5726
-6.55678 -9.04574 -11.5347 -10.6488 -9.76283 -14.2826 -18.8024 -15.4123 -12.0222 -14.9554 -17.8885 -16.3243 -14.7602 -11.5493 -8.33834 -7.14481 -5.95127 -3.17479 -0.398315 0.167325 0.732965 -3.43959 -7.61214 -8.39472 -9.17731 -6.94467 -4.71204 -3.38535 -2.05866 1.48595 5.03055 1.82401 -1.38252 1.29114 3.9648 1.16042 -1.64396 -2.26848 -2.893 1.00585 4.9047 8.87759 12.8505 16.0078 19.1651 19.8109 20.4568 20.5458 20.6348 23.7289 26.8231 24.8364 22.8497 24.994 27.1382 28.3655 29.5928 26.4516 23.3103 17.2079 11.1055 14.0549 17.0042 18.1886 19.373
-6.30506 -9.94978 -11.3676 -10.8469 -11.3826 -14.668 -16.8034 -18.923 -14.9476 -15.2655 -19.4149 -16.6301 -15.067 -10.6026 -9.07218 -5.46287 -3.58403 0.706278 3.48706 2.08192 0.77038 -3.51864 -6.68449 -8.32823 -7.67851 -8.0877 -5.65731 -2.14085 -1.12081 1.68457 5.63361 2.66907 3.72899 7.10728 7.70458 5.04896 3.3061 1.86826 1.08748 7.47064 9.48065 11.3411 17.9479 17.6674 21.5309 23.3053 22.6024 24.1724 24.6459 28.5422 29.6946 29.1133 26.6368 26.1788 27.71 30.6699 28.5972 27.4121 25.1159 21.7743 17.4344 16.0334 18.8046 20.5661 24.2417
-6.05334 -8.62688 -11.2004 -12.1014 -13.0024 -13.9033 -14.8043 -16.3386 -17.8729 -19.4071 -20.9414 -18.1576 -15.3737 -12.5899 -9.80601 -5.5114 -1.21679 3.07782 7.37243 4.09011 0.807795 -2.47452 -5.75684 -5.96827 -6.17971 -6.39114 -6.60258 -3.39277 -0.182959 3.02685 6.23666 7.53858 8.84051 10.1424 11.4444 9.85025 8.25615 6.66205 5.06795 9.56228 14.0566 18.5509 23.0453 23.471 23.8967 24.3224 24.7481 26.7026 28.6571 30.6116 32.566 31.495 30.4239 29.3528 28.2817 27.9417 27.6017 27.2616 26.9216 25.3424 23.7633 22.1842 20.605 24.8577 29.1104
-7.205 -8.9382 -9.36072 -7.4854 -7.64088 -9.78242 -12.8053 -16.3244 -18.6326 -18.9671 -18.1497 -18.9861 -17.7423 -15.1877 -10.5398 -8.6543 -4.49526 -1.41559 3.68087 -0.595286 -1.78353 -1.217 -4.82919 -5.01071 -5.42997 -5.62497 -4.1266 -0.917132 1.10566 4.41718 6.83972 8.13823 8.23323 11.4405 12.2881 12.0512 12.1861 11.4972 9.04843 15.7533 22.0347 23.3047 24.074 26.4624 26.2539 24.995 26.8938 28.8323 28.1215 30.5786 32.412 30.5386 31.5778 30.0988 28.8535 27.5625 28.3168 28.0017 27.4881 24.2516 23.9428 23.167 22.4054 25.0428 29.0265
-8.35666 -7.93883 -7.52101 -4.9002 -2.27939 -6.54282 -10.8062 -15.0993 -19.3923 -17.3752 -15.3581 -17.7345 -20.1109 -15.6923 -11.2737 -9.5237 -7.77373 -3.89221 -0.0106816 -2.19277 -4.37486 -4.1382 -3.90154 -4.29089 -4.68024 -3.16543 -1.65063 0.371828 2.39428 4.91853 7.44277 7.53436 7.62596 10.3789 13.1319 14.6239 16.116 14.5725 13.0289 21.5209 30.0128 27.5578 25.1028 26.857 28.6111 28.8253 29.0395 28.3126 27.5858 29.9219 32.2579 32.4948 32.7317 31.0785 29.4253 29.2286 29.032 28.5433 28.0546 26.0885 24.1223 24.1641 24.2059 26.5743 28.9427
-5.35747 -4.88182 -5.6813 -5.22164 -3.80213 -8.45236 -8.80721 -10.2988 -13.8419 -14.612 -12.5664 -12.775 -15.6845 -13.9801 -12.0075 -12.796 -8.92065 -7.46346 -3.70224 -4.7432 -4.54743 -4.50684 -2.97389 -3.33262 -2.02635 0.210068 0.825348 3.6684 4.18469 7.01999 8.04583 6.99825 9.68004 11.4214 13.9756 15.8841 17.0103 15.3175 17.0094 20.9389 27.0439 25.2835 26.1316 25.8302 29.4284 29.6681 31.1851 31.7767 30.1131 30.59 32.1039 33.0055 31.9955 30.8771 29.997 28.5603 29.4551 29.5034 28.6212 28.8585 26.3097 27.8953 26.0063 26.9698 29.2359
-2.35829 -3.09994 -3.84159 -4.58323 -5.32488 -6.06653 -6.80817 -7.54982 -8.29147 -9.03311 -9.77476 -10.5164 -11.2581 -11.9997 -12.7413 -11.4045 -10.0676 -8.73068 -7.39379 -6.0569 -4.72001 -3.38312 -2.04623 -0.709345 0.627544 1.96443 3.30132 4.63821 5.9751 7.31199 8.64888 10.1915 11.7341 13.2767 14.8194 16.362 17.9046 19.4472 20.9899 22.5325 24.0751 25.6177 27.1603 28.703 30.2456 31.7882 33.3308 32.9856 32.6403 32.295 31.9498 31.6045 31.2593 30.914 30.5688 30.2235 29.8782 29.533 29.1877 28.8425 28.4972 28.1519 27.8067 28.6679 29.5292
-1.13895 -0.541282 -0.909318 0.415228 -4.70477 -7.36154 -6.26696 -3.87932 -4.50033 -3.7721 -6.31455 -8.93118 -8.54172 -10.177 -11.3966 -13.0679 -10.7878 -7.97384 -7.43158 -3.38071 -1.41865 -2.1646 -1.29427 1.06599 3.9182 2.63402 4.66833 5.12459 5.93006 9.32087 9.25194 9.83186 14.3914 14.4356 15.6042 19.4389 21.2159 22.0523 22.457 24.8372 28.1042 28.8432 28.1961 29.8422 28.5556 31.3819 33.5886 32.0838 30.526 31.1804 32.5108 33.2941 29.1563 29.8396 30.0928 31.6074 33.4724 32.3383 32.6163 32.139 31.3135 29.5679 29.6071 30.9148 31.6147
0.0803862 1.05167 2.02295 -1.03085 -4.08465 -4.9052 -5.72575 -3.21747 -0.709186 -1.78176 -2.85433 -4.33986 -5.82539 -7.93867 -10.0519 -10.78 -11.5081 -9.48871 -7.46937 -2.79333 1.88272 0.670206 -0.542307 3.33328 7.20886 6.6221 6.03534 5.96018 5.88501 7.87 9.85499 13.4518 17.0487 16.7189 16.3891 20.4582 24.5273 24.2257 23.9241 28.0287 32.1333 30.6826 29.2319 28.0488 26.8657 30.356 33.8464 31.129 28.4116 30.7417 33.0718 30.0626 27.0534 28.3351 29.6169 33.3417 37.0666 36.5558 36.045 35.0873 34.1297 32.7686 31.4075 32.5539 33.7002
1.80113 3.96248 4.95522 1.49473 -1.23128 -0.837351 -5.18453 -2.01964 -0.4989 0.557223 0.605878 -0.162492 -3.73681 -5.45149 -8.70724 -7.7991 -9.4809 -9.7391 -7.50716 -5.92243 -0.704474 -0.754767 0.209657 1.8685 6.03717 5.69795 7.40235 8.54032 7.90012 8.12179 10.458 11.7442 15.7793 18.158 17.174 19.9061 23.4679 25.7424 25.3913 28.3067 30.6071 32.2605 30.2677 29.964 29.8492 33.3939 34.1042 32.6109 31.3448 31.3272 33.6329 30.3738 29.2414 30.458 29.1409 32.1537 36.4251 37.1882 39.4736 37.621 36.5425 33.0085 33.2079 34.5279 36.4722
3.52187 5.70468 7.88749 4.75479 1.62208 -1.51062 -4.64332 -2.46597 -0.288615 1.88874 4.06609 1.20893 -1.64822 -4.50538 -7.36254 -7.40814 -7.45375 -7.49935 -7.54495 -5.41831 -3.29167 -1.16502 0.96162 2.91355 4.86549 6.81742 8.76935 9.34229 9.91523 10.4882 11.0611 12.7855 14.51 16.2344 17.9589 20.1838 22.4086 24.6335 26.8584 27.9697 29.0809 30.1922 31.3035 32.0681 32.8328 33.5974 34.362 34.32 34.2779 34.2359 34.1939 32.8117 31.4294 30.0472 28.665 32.2243 35.7836 39.3429 42.9022 40.9287 38.9553 36.9818 35.0084 37.1263 39.2443
4.2303 6.59513 5.50424 3.87514 1.53375 -2.06851 -4.10211 -4.18902 -2.7147 0.761151 2.49179 -2.29284 -8.01374 -4.62618 -6.01784 -2.6939 -2.93287 -4.61911 -5.4105 -5.26421 -4.96051 -2.23294 1.71358 4.77121 6.86297 9.47661 8.75737 10.6754 10.624 13.3961 11.6642 15.7606 20.5312 19.4572 19.2442 21.5669 22.3264 24.8407 28.3255 31.6609 31.2969 30.615 31.9926 32.0017 32.6043 33.438 34.6198 31.4423 31.5553 33.0453 33.4147 32.8006 30.8976 31.1457 28.1891 28.6038 31.1561 35.9308 40.798 40.293 42.2482 39.6777 36.8088 38.523 37.8806
4.93874 4.02987 3.121 2.28321 1.44542 -1.05773 -3.56089 -4.35084 -5.14079 -2.11165 0.917495 -6.73088 -14.3793 -9.5262 -4.67314 -1.54257 1.588 -0.84402 -3.27604 -4.95269 -6.62935 -2.0819 2.46555 5.663 8.86045 8.80291 8.74538 10.0391 11.3328 11.8 12.2672 19.4099 26.5525 23.541 20.5295 21.3869 22.2443 26.0185 29.7927 31.6528 33.513 33.0974 32.6818 32.5288 32.3758 33.6267 34.8776 31.8551 28.8326 30.7341 32.6356 31.5006 30.3657 29.0394 27.7131 27.1209 26.5286 32.6113 38.6939 42.1175 45.5411 42.0751 38.6092 37.5631 36.5169
1.85487 -0.216893 0.737759 1.6241 -0.308275 -1.48085 -3.01968 -1.56356 -3.74779 -2.65366 -0.656803 -4.5086 -8.24334 -5.32449 -3.32844 -1.55729 0.546284 1.73831 -1.14159 -2.21971 -2.07409 -0.209704 3.21751 6.74307 7.60294 6.95163 8.73339 10.5022 11.2151 10.7919 12.8703 18.0587 22.4196 21.344 21.8148 20.1506 25.0789 27.6055 31.2598 32.7642 33.4532 35.2305 33.3709 35.4047 33.5512 34.9363 35.1354 34.9928 31.0339 28.667 31.8564 29.3606 29.6425 26.4039 27.2372 26.386 28.576 35.0382 36.5898 38.9902 41.9445 42.2601 40.4096 40.0929 35.6367
-1.22899 -1.43724 -1.64548 -1.85373 -2.06198 -2.27022 -2.47847 -2.41663 -2.35478 -2.29294 -2.2311 -2.16926 -2.10742 -2.04558 -1.98373 -1.23958 -0.495432 0.248719 0.99287 1.73702 2.48117 3.22532 3.96947 5.15746 6.34544 7.53342 8.7214 9.90938 11.0974 12.2853 13.4733 15.88 18.2867 20.6934 23.1001 25.5068 27.9135 30.3202 32.7269 33.0602 33.3935 33.7268 34.0601 34.3933 34.7266 35.0599 35.3932 34.3142 33.2352 32.1562 31.0772 29.9982 28.9193 27.8403 26.7613 28.6924 30.6235 32.5546 34.4857 36.4167 38.3478 40.2789 42.21 38.4832 34.7564
-0.925475 -1.3148 -3.93596 -3.08786 -1.01224 -0.90275 -1.66717 -5.08828 -3.94847 -5.06179 -3.52658 -1.97337 -2.75519 -3.14415 -0.639032 -3.48265 -4.173 -1.31841 -1.33621 2.34696 3.28636 3.63177 5.16527 5.80658 6.0098 8.34958 11.2585 14.7999 12.7167 14.1034 14.0764 17.1307 19.135 22.5501 23.0948 27.8111 29.5473 32.081 32.1206 30.3859 32.5277 33.3702 31.7658 33.3392 32.9857 36.0062 35.651 33.7932 34.1252 33.9957 34.2534 33.144 34.4622 34.7539 29.2954 29.3161 31.0585 33.7421 35.6974 37.3406 38.5163 40.3404 44.0105 41.3686 38.3826
-0.621959 -3.4242 -6.22643 -3.09447 0.0374951 -0.409185 -0.855865 -3.19902 -5.54217 -5.18211 -4.82206 -4.11251 -3.40295 -1.34864 0.705669 -3.57245 -7.85057 -5.75793 -3.66529 0.213127 4.09154 5.2263 6.36106 6.01761 5.67416 9.73485 13.7955 14.0658 14.336 14.5077 14.6794 17.3314 19.9834 21.5364 23.0895 27.1353 31.181 31.3477 31.5144 31.5882 31.662 30.5667 29.4715 30.3581 31.2448 33.5768 35.9088 35.462 35.0152 36.2224 37.4295 38.7173 40.0051 35.9173 31.8296 31.6616 31.4936 34.2013 36.9091 37.7969 38.6847 42.2478 45.8109 43.9098 42.0088
-3.20814 -2.47763 -8.51691 -7.22612 -2.49141 -1.47162 -0.0445642 -2.9959 -4.43265 -4.74312 -6.11754 -6.87992 -2.70596 -2.97646 2.05037 0.236617 -5.15738 -3.01027 -5.99436 -2.80484 2.15307 3.62459 7.55685 9.327 9.74266 13.8929 16.3326 15.6741 15.8568 16.138 15.2825 13.015 19.7328 22.4066 23.0841 23.2198 28.9357 29.5811 30.9081 29.9561 29.6272 26.0764 27.1772 26.8292 30.9492 31.6751 36.1666 36.9017 37.5592 38.7169 40.6056 40.0659 40.1724 37.8319 34.3637 34.4049 34.8044 36.5381 38.1208 39.9402 41.5284 45.5036 47.6113 45.3448 42.9287
-5.79431 -8.30085 -10.8074 -7.91385 -5.02032 -2.12679 0.766737 -1.2782 -3.32314 -5.36808 -7.41302 -4.711 -2.00897 0.693049 3.39507 0.465444 -2.46419 -5.39381 -8.32344 -4.05442 0.214602 4.48362 8.75265 11.2819 13.8112 16.3404 18.8697 18.1236 17.3776 16.6316 15.8855 17.6839 19.4822 21.2805 23.0788 24.8846 26.6903 28.496 30.3018 28.9471 27.5923 26.2376 24.8829 27.7683 30.6536 33.539 36.4244 38.2637 40.1031 41.9424 43.7817 42.0608 40.3398 38.6188 36.8979 37.5065 38.1152 38.7238 39.3325 41.8523 44.3721 46.8919 49.4117 46.6302 43.8486
